2 1130
3 446
9 22718
15 26993
19 62
20 37
24 10650
24 11933
26 12697
26 8513
26 7865
26 6054
26 18732
26 3806
37 20
38 25912
44 4269
45 4389
45 273
47 11515
48 21625
50 9372
51 11704
51 14118
51 9768
60 5633
61 5940
61 7192
61 3581
62 19
63 867
63 4128
63 6949
64 3887
66 4077
71 1047
72 4444
72 6974
75 7620
77 3927
77 12293
77 3015
78 18737
80 14953
80 8540
85 316
85 3181
93 183
95 16812
100 11818
100 11819
107 19054
109 2801
112 11778
119 11032
124 920
125 2731
126 12604
126 17003
127 4739
128 3724
129 8111
129 5161
129 8104
129 4928
130 17442
131 2841
133 4262
134 4468
136 27004
136 20632
147 31801
148 10438
151 5013
151 21004
152 16258
152 11628
152 20403
152 5767
153 22115
154 3430
156 14124
156 14115
158 18428
158 1287
162 4835
162 3964
165 14280
165 4067
168 2988
172 4333
172 9115
172 8981
172 8025
173 3870
173 3869
174 8884
176 19009
177 960
179 8175
179 19287
179 8176
179 16212
179 17250
179 2936
181 6359
183 93
183 21095
184 3979
184 16798
197 22224
207 3866
207 13555
207 6408
213 234
215 315
216 320
216 329
217 393
221 514
225 549
226 4464
226 2652
226 4374
226 4442
226 4439
226 4512
227 978
229 4377
230 4634
234 213
234 1430
236 20288
238 988
238 22222
238 974
238 6534
238 28337
238 998
239 19376
244 4213
244 4913
245 7591
245 7595
248 1823
250 7720
250 7727
261 8018
261 8029
264 1342
269 10872
269 4990
269 8113
271 9850
271 688
271 10522
271 12220
271 1804
273 12609
273 4895
273 45
275 7971
276 4244
276 7840
280 12541
282 4380
285 4277
290 1614
291 19449
291 3223
292 4515
297 8326
297 2116
298 8398
298 14784
299 15525
299 5810
300 916
303 13787
305 6889
314 9160
315 215
316 85
318 6037
320 216
320 11800
322 1012
323 16551
323 3859
325 22806
328 2443
329 216
330 8789
333 688
344 1378
347 11937
350 4350
350 4331
350 4349
351 1536
351 6643
351 3589
352 7977
353 3795
354 8683
354 6898
354 781
354 8602
357 10108
357 10109
357 10044
357 10104
362 2129
362 12743
362 10005
363 13141
363 11375
363 1330
363 8271
364 8861
364 13217
364 12085
364 10025
364 13205
364 9366
367 5054
367 6222
368 2207
368 13003
368 8002
369 14942
371 13049
377 9781
378 8887
381 12722
382 8455
383 6219
393 217
395 12938
395 17986
397 1193
397 12469
399 13376
403 9172
410 14553
415 17713
446 16986
446 3
446 13626
451 9839
460 8973
463 2176
465 14467
466 14596
467 13248
474 13848
478 14519
478 13318
478 17425
484 13918
488 17499
513 26427
514 221
524 12977
528 2681
529 20798
532 24049
533 5038
535 14875
537 9552
538 23054
539 19766
540 9428
541 25971
542 28075
549 225
549 23757
550 583
551 3639
551 3657
551 3622
551 3633
552 4657
556 18294
557 19980
559 23860
559 14355
561 16365
563 24365
563 22207
574 31084
577 23592
580 16798
583 550
585 7331
611 662
611 693
620 9866
621 3886
622 18661
624 15710
625 3884
633 17150
638 3376
641 3338
641 5358
642 9756
645 5685
645 10384
647 10571
649 10269
649 10698
652 10584
654 9829
655 16441
657 18642
662 611
668 11464
671 7381
673 10272
676 4299
676 4611
685 20802
688 333
688 271
692 25180
693 611
704 11734
713 12856
713 13930
713 12710
713 13909
714 13664
714 5071
720 15013
721 14048
723 15506
723 18033
723 10232
732 22550
733 18349
733 14497
733 12721
735 8424
744 11228
748 14550
750 14046
758 6419
760 15316
767 14329
773 23761
775 24617
775 13383
775 11243
776 14171
781 354
782 16330
791 6233
791 5881
795 1782
804 30536
812 10776
814 18499
814 18500
817 11686
824 13885
825 21595
826 12054
830 19249
831 14013
846 935
849 1046
855 1302
856 1464
856 1393
856 1354
856 1421
856 1461
862 13786
864 10111
867 2968
867 63
871 3228
871 3214
872 10787
881 2080
884 15608
900 18155
907 18232
907 18236
916 300
920 124
925 1979
927 6150
928 2279
931 3563
931 10332
931 1904
931 10327
931 10305
933 5400
935 846
935 9305
937 4656
937 6660
937 5136
938 20727
938 18490
942 26543
944 22870
958 5206
960 177
962 3389
974 238
978 227
982 5602
988 238
995 14869
996 10603
998 238
1003 27831
1009 16932
1012 322
1017 24019
1024 7543
1029 26264
1031 27361
1036 6723
1037 18453
1042 6394
1044 3954
1046 849
1047 71
1051 19252
1053 3554
1053 19853
1062 27580
1062 26755
1071 13787
1087 3613
1094 10709
1096 10663
1097 16749
1099 18187
1100 8101
1101 20087
1102 11533
1106 26524
1109 27460
1113 4274
1115 7100
1118 19691
1128 2174
1128 2336
1130 6504
1130 2
1135 8297
1140 1891
1148 12689
1150 13610
1150 13600
1156 8829
1163 13164
1163 14403
1165 17703
1166 17756
1168 17323
1169 6903
1177 19650
1184 17904
1185 3725
1190 17925
1191 13197
1192 24743
1193 10744
1193 397
1217 14091
1221 1753
1246 16498
1259 19431
1263 21759
1263 21758
1267 21769
1270 6761
1271 5853
1271 19083
1278 4684
1281 5829
1286 3268
1287 27511
1287 158
1302 855
1305 1869
1310 6055
1310 6074
1312 6124
1316 6467
1320 6581
1329 10795
1330 363
1340 18637
1342 264
1354 856
1362 22854
1365 11783
1368 19183
1374 20480
1374 24633
1378 344
1382 22949
1391 23809
1393 26648
1393 856
1395 25122
1395 2977
1414 26068
1421 856
1421 6729
1430 234
1440 28948
1452 4737
1461 23725
1461 856
1464 856
1475 29679
1486 16910
1525 1720
1536 351
1537 22722
1544 16577
1550 32803
1561 1718
1561 1711
1581 3268
1581 17806
1601 27191
1604 7631
1614 290
1614 29568
1623 18937
1629 23323
1633 24907
1673 16655
1673 6943
1702 1718
1702 20767
1702 20765
1711 1561
1718 1702
1718 1561
1720 1525
1751 14909
1751 11040
1753 1221
1755 5883
1769 19506
1769 19507
1782 795
1784 12599
1798 29314
1804 271
1809 21687
1821 9919
1823 248
1825 21664
1825 14002
1837 2945
1849 2816
1869 1305
1874 11961
1878 16938
1878 16937
1879 2957
1883 9377
1890 27341
1890 27338
1891 1140
1904 931
1931 14691
1979 925
1983 9942
1985 15748
1988 12906
1988 8416
1997 18109
1998 25028
2036 30391
2051 10547
2057 18099
2077 14675
2080 881
2102 6304
2116 297
2116 13562
2123 17568
2129 362
2135 11071
2156 22394
2170 20806
2173 4464
2174 1128
2176 463
2183 21594
2187 26452
2187 25357
2189 15324
2202 21614
2204 16273
2207 368
2209 27489
2225 7814
2229 27799
2264 10913
2279 928
2282 22216
2314 3141
2315 31124
2323 20870
2336 1128
2356 15653
2371 8752
2371 8763
2374 25813
2390 5010
2390 5017
2390 5025
2390 5020
2392 7150
2395 7165
2437 14641
2439 25410
2443 328
2491 16644
2499 11263
2499 11264
2507 12231
2540 16025
2557 7490
2565 23937
2565 15166
2575 29906
2579 20895
2589 30757
2591 28217
2615 26774
2627 6782
2652 226
2652 15195
2654 11285
2668 16340
2669 18583
2672 24024
2674 27704
2675 14697
2675 14742
2677 4820
2681 528
2731 125
2769 2938
2770 20589
2771 21154
2771 3384
2777 17956
2786 17535
2787 20244
2800 12761
2801 109
2813 30897
2816 1849
2830 21686
2840 14750
2841 131
2853 15548
2856 19512
2891 21738
2897 21777
2904 3275
2920 4571
2930 30020
2936 179
2938 2769
2945 1837
2957 1879
2968 867
2977 1395
2988 168
2992 20914
3015 77
3043 22105
3087 16767
3106 26636
3109 3451
3122 33786
3132 10793
3141 2314
3165 3283
3176 3337
3181 85
3182 19736
3214 871
3223 291
3228 871
3240 24201
3240 16342
3268 1286
3268 1581
3275 2904
3283 3165
3336 9487
3337 3176
3338 641
3376 638
3382 3410
3382 3383
3383 3382
3384 3464
3384 2771
3385 3495
3386 15082
3389 962
3392 20191
3403 28135
3404 30926
3406 29573
3410 3382
3430 154
3449 19727
3451 3109
3456 34383
3464 3384
3464 23069
3466 18722
3495 3385
3532 20847
3536 26733
3554 1053
3558 20903
3563 931
3573 30566
3581 61
3589 351
3605 26226
3613 1087
3620 10501
3622 551
3624 16895
3628 5282
3633 551
3639 551
3657 551
3689 28010
3700 13198
3702 17776
3702 18042
3702 18039
3705 13106
3724 128
3725 1185
3795 353
3806 26
3825 21016
3832 22814
3833 20318
3841 21437
3859 323
3866 207
3869 173
3870 173
3884 625
3886 621
3887 64
3908 16716
3927 77
3932 20242
3954 1044
3962 22249
3964 162
3967 12332
3979 184
3989 18974
4043 28176
4067 165
4077 66
4116 17177
4128 63
4147 21277
4180 28764
4213 244
4244 276
4262 133
4269 44
4274 1113
4277 20851
4277 285
4299 676
4331 350
4333 172
4345 6730
4346 13717
4349 350
4350 350
4352 14874
4361 27295
4373 15189
4374 226
4377 229
4380 282
4389 45
4390 23005
4390 22872
4436 16410
4437 16981
4437 16979
4439 226
4442 226
4444 72
4453 21052
4458 23634
4463 25716
4464 226
4464 2173
4468 134
4470 11961
4512 226
4515 292
4571 2920
4575 19988
4575 19989
4578 27035
4606 24828
4611 676
4615 23852
4634 230
4656 937
4657 552
4660 11109
4684 1278
4686 15961
4710 21640
4737 1452
4739 127
4795 24192
4820 2677
4824 28328
4835 162
4895 273
4908 24112
4913 244
4922 31564
4927 33673
4928 129
4990 269
4997 14427
5001 12914
5010 2390
5013 151
5017 2390
5020 2390
5025 2390
5038 533
5044 17409
5049 12997
5054 367
5071 714
5084 23343
5136 937
5161 129
5181 26672
5185 26764
5206 958
5237 26517
5253 29694
5282 3628
5284 29748
5301 26814
5322 21300
5358 641
5364 5562
5390 20821
5400 933
5410 28471
5479 30801
5562 5364
5595 33747
5602 982
5633 60
5641 5786
5685 645
5705 25172
5705 9623
5713 27168
5716 23843
5737 32911
5760 28217
5767 152
5770 21562
5786 5641
5810 299
5827 6400
5829 1281
5853 1271
5863 25706
5881 791
5883 1755
5940 61
5969 9438
6004 30189
6037 318
6044 13788
6054 26
6055 1310
6074 1310
6098 28355
6124 1312
6150 927
6162 11293
6179 13301
6182 21388
6182 11330
6219 383
6220 20117
6222 367
6226 21501
6233 791
6257 30754
6258 26996
6289 7260
6304 2102
6359 181
6394 1042
6400 5827
6408 207
6419 758
6464 27593
6467 1316
6485 27645
6485 27644
6504 1130
6534 238
6581 1320
6608 21811
6643 351
6660 937
6679 27194
6720 25096
6723 31573
6723 1036
6725 20769
6729 1421
6730 4345
6761 1270
6782 2627
6852 16318
6853 22484
6863 12723
6883 15459
6887 17511
6889 305
6898 354
6903 1169
6941 25447
6943 1673
6949 63
6974 72
7027 33054
7031 15162
7034 15082
7100 1115
7137 31050
7150 2392
7165 2395
7192 61
7204 12605
7204 24339
7249 7531
7260 6289
7285 31377
7313 24186
7331 585
7381 671
7409 27789
7443 31170
7490 2557
7493 30932
7527 24550
7531 7249
7539 28676
7543 1024
7591 245
7595 245
7620 75
7623 20752
7631 1604
7662 29831
7682 20774
7720 250
7727 250
7772 20208
7775 21914
7814 2225
7840 276
7863 9243
7865 26
7971 275
7977 28928
7977 352
7980 30437
8002 368
8018 261
8025 172
8028 25645
8029 261
8040 30486
8093 11050
8101 1100
8104 129
8111 129
8113 269
8129 15365
8129 15317
8175 179
8176 179
8222 19388
8228 24569
8241 11331
8271 363
8277 12777
8297 1135
8313 13493
8326 297
8337 23529
8398 298
8405 22566
8416 1988
8424 735
8425 12855
8455 382
8460 20789
8493 29028
8513 26
8513 13880
8525 26293
8540 80
8602 354
8683 354
8688 17373
8708 29278
8752 2371
8763 2371
8789 330
8808 15262
8829 1156
8861 364
8884 174
8887 378
8894 29603
8973 460
8981 172
9043 27333
9073 30794
9105 11430
9110 26495
9115 172
9160 314
9172 403
9222 29602
9243 7863
9249 24629
9263 13618
9284 21409
9305 935
9349 15243
9351 29008
9366 364
9372 50
9377 1883
9387 23264
9414 24511
9428 540
9438 5969
9438 21155
9464 9556
9487 3336
9533 31667
9552 537
9556 9464
9569 31657
9610 30941
9617 32876
9618 33183
9623 5705
9746 30446
9756 642
9768 51
9779 25492
9781 377
9797 27727
9801 30403
9829 654
9839 451
9850 271
9866 620
9919 1821
9942 1983
9958 27936
10005 362
10016 21457
10025 364
10044 357
10100 31254
10102 15511
10104 357
10108 357
10109 357
10111 864
10121 20555
10131 22626
10135 31735
10158 23335
10232 723
10269 649
10272 673
10305 931
10327 931
10332 931
10384 645
10438 148
10454 21926
10501 3620
10522 271
10547 2051
10571 647
10584 652
10603 996
10650 24
10653 29677
10663 1096
10698 649
10704 18269
10709 1094
10744 1193
10744 11175
10752 17113
10770 26293
10776 812
10787 872
10793 3132
10795 1329
10841 25550
10872 269
10884 19710
10913 2264
10922 22636
11020 22968
11021 28298
11032 119
11040 1751
11050 8093
11071 2135
11109 4660
11175 10744
11211 31438
11228 744
11243 775
11263 2499
11264 2499
11285 2654
11293 6162
11314 23560
11327 24873
11330 6182
11331 8241
11375 363
11413 17777
11430 9105
11464 668
11472 33603
11492 20035
11515 47
11533 1102
11628 152
11630 32261
11643 27168
11660 11833
11686 817
11704 51
11733 32330
11734 704
11760 33377
11778 112
11783 1365
11800 320
11818 100
11819 100
11828 33512
11833 11660
11881 30848
11907 28007
11930 32141
11933 24
11937 347
11954 31919
11961 1874
11961 4470
11963 24991
12054 826
12085 364
12098 27373
12110 24657
12195 30239
12214 30251
12216 24469
12220 271
12231 2507
12266 27844
12293 77
12332 3967
12396 26853
12469 397
12514 23154
12520 19206
12541 280
12599 1784
12604 126
12605 7204
12609 273
12689 1148
12690 14393
12697 26
12710 713
12721 733
12722 381
12723 6863
12724 14970
12743 362
12761 2800
12777 8277
12855 8425
12856 713
12906 1988
12914 5001
12938 395
12977 524
12997 5049
13003 368
13049 371
13106 3705
13141 363
13164 1163
13197 1191
13198 3700
13205 364
13217 364
13248 467
13301 6179
13318 478
13357 27662
13376 399
13383 775
13493 8313
13555 207
13556 23613
13562 2116
13600 1150
13610 1150
13618 9263
13626 446
13628 18603
13664 714
13686 31818
13717 4346
13786 862
13787 303
13787 1071
13788 6044
13848 474
13863 21484
13880 8513
13885 824
13909 713
13918 484
13930 713
14002 1825
14013 831
14046 750
14048 721
14091 1217
14115 156
14118 51
14124 156
14171 776
14226 18113
14244 23157
14280 165
14289 28889
14329 767
14355 559
14393 12690
14403 1163
14427 4997
14467 465
14497 733
14519 478
14550 748
14553 410
14587 24563
14596 466
14641 2437
14671 18635
14675 2077
14691 1931
14697 2675
14742 2675
14750 2840
14784 298
14869 995
14874 4352
14875 535
14888 18710
14909 1751
14942 369
14953 80
14955 30220
14957 33592
14970 12724
15013 720
15082 3386
15082 7034
15106 33084
15162 7031
15166 2565
15189 4373
15195 2652
15215 32121
15243 9349
15255 15472
15262 8808
15288 29271
15316 760
15317 8129
15324 2189
15347 24959
15350 29840
15365 8129
15459 6883
15472 15255
15475 15517
15479 15594
15506 723
15511 10102
15517 15475
15525 299
15534 28407
15548 2853
15589 18793
15594 15479
15608 884
15653 2356
15707 24157
15710 624
15748 1985
15765 32364
15783 29761
15843 28696
15907 29046
15959 28762
15961 4686
16025 2540
16091 24153
16139 31567
16164 32570
16212 179
16248 33459
16258 152
16273 2204
16318 6852
16330 782
16340 2668
16342 3240
16365 561
16410 4436
16441 655
16474 31500
16498 1246
16551 323
16571 32454
16577 1544
16644 2491
16655 1673
16716 3908
16749 1097
16767 3087
16784 32731
16797 25439
16798 184
16798 580
16812 95
16835 29530
16871 16872
16872 16871
16894 32983
16895 3624
16910 1486
16932 1009
16937 1878
16938 1878
16974 32774
16979 4437
16981 4437
16986 446
17003 126
17113 10752
17143 18774
17150 633
17177 4116
17250 179
17323 1168
17373 8688
17395 29719
17409 5044
17425 478
17442 130
17499 488
17511 6887
17535 2786
17565 22415
17568 2123
17703 1165
17713 415
17745 32893
17756 1166
17776 3702
17777 11413
17806 1581
17904 1184
17925 1190
17956 2777
17986 395
18033 723
18039 3702
18042 3702
18099 2057
18109 1997
18113 14226
18155 900
18187 1099
18232 907
18236 907
18240 33845
18269 10704
18294 556
18349 733
18428 158
18437 26773
18453 1037
18490 938
18499 814
18500 814
18583 2669
18603 13628
18635 14671
18637 1340
18642 657
18661 622
18667 29986
18710 14888
18722 3466
18732 26
18737 78
18774 17143
18785 27969
18793 15589
18879 30022
18937 1623
18974 33479
18974 3989
19009 176
19054 107
19071 29741
19083 1271
19183 1368
19195 31259
19206 12520
19249 830
19252 1051
19287 179
19376 239
19388 8222
19431 1259
19449 291
19506 1769
19507 1769
19512 2856
19650 1177
19691 1118
19710 10884
19725 26724
19727 3449
19736 3182
19750 24886
19766 539
19827 23739
19853 1053
19980 557
19988 4575
19989 4575
20005 30786
20035 11492
20087 1101
20117 6220
20191 3392
20208 7772
20242 3932
20244 2787
20288 236
20318 3833
20403 152
20480 1374
20555 10121
20589 2770
20632 136
20692 32869
20727 938
20752 7623
20765 1702
20767 1702
20769 6725
20774 7682
20789 8460
20798 529
20802 685
20806 2170
20821 5390
20847 3532
20851 4277
20870 2323
20895 2579
20903 3558
20907 33385
20914 2992
20953 29889
21004 151
21016 3825
21022 30296
21052 4453
21095 183
21154 2771
21155 9438
21187 32032
21277 4147
21283 33735
21300 5322
21388 6182
21409 9284
21437 3841
21457 10016
21484 13863
21501 6226
21562 5770
21594 2183
21595 825
21597 27762
21614 2202
21625 48
21628 24884
21640 4710
21664 1825
21686 2830
21687 1809
21738 2891
21758 1263
21759 1263
21769 1267
21777 2897
21811 6608
21914 7775
21926 10454
21940 33654
22105 3043
22115 153
22190 30974
22207 563
22216 2282
22222 238
22224 197
22249 3962
22394 2156
22415 17565
22452 30411
22484 6853
22550 732
22566 8405
22626 10131
22636 10922
22718 9
22722 1537
22796 22801
22801 22796
22806 325
22814 3832
22854 1362
22870 944
22872 4390
22949 1382
22968 11020
22998 33718
23005 4390
23031 31259
23054 538
23069 3464
23154 12514
23157 14244
23208 30672
23264 9387
23323 1629
23335 10158
23343 5084
23529 8337
23560 11314
23592 577
23613 13556
23634 4458
23725 1461
23730 33604
23739 19827
23746 32757
23757 549
23761 773
23770 23771
23771 23770
23796 34404
23809 1391
23812 33952
23843 5716
23852 4615
23860 559
23896 30154
23923 23924
23924 23923
23937 2565
23963 34275
23967 33063
23995 26691
24019 1017
24024 2672
24049 532
24112 4908
24153 16091
24157 15707
24186 7313
24192 4795
24201 3240
24339 7204
24365 563
24469 12216
24511 9414
24546 29561
24550 7527
24563 14587
24569 8228
24617 775
24629 9249
24633 1374
24657 12110
24743 1192
24789 29514
24828 4606
24873 11327
24884 21628
24886 19750
24893 30983
24907 1633
24959 15347
24988 30385
24991 11963
24996 27082
25028 1998
25076 31527
25096 6720
25122 1395
25172 5705
25180 692
25357 2187
25410 2439
25439 16797
25447 6941
25492 9779
25550 10841
25645 8028
25706 5863
25716 4463
25766 33945
25813 2374
25912 38
25971 541
26068 1414
26127 32201
26143 26144
26144 26143
26226 3605
26245 33989
26264 1029
26293 10770
26293 8525
26352 32366
26427 513
26452 2187
26495 9110
26517 5237
26524 1106
26543 942
26636 3106
26648 1393
26672 5181
26677 33511
26691 23995
26724 19725
26733 3536
26755 1062
26764 5185
26773 18437
26774 2615
26814 5301
26853 12396
26938 32176
26993 15
26996 6258
27004 136
27035 4578
27054 32445
27058 27059
27059 27058
27082 24996
27144 33215
27153 33307
27168 5713
27168 11643
27174 32841
27191 1601
27194 6679
27295 4361
27333 9043
27338 1890
27341 1890
27361 1031
27373 12098
27411 33013
27460 1109
27461 34160
27489 2209
27511 1287
27580 1062
27593 6464
27644 6485
27645 6485
27662 13357
27704 2674
27727 9797
27762 21597
27789 7409
27799 2229
27831 1003
27844 12266
27850 33900
27936 9958
27969 18785
28007 11907
28010 3689
28075 542
28091 33337
28135 3403
28176 4043
28217 5760
28217 2591
28298 11021
28328 4824
28329 33051
28337 238
28355 6098
28407 15534
28471 5410
28588 28590
28590 28588
28676 7539
28696 15843
28762 15959
28764 4180
28788 33243
28889 14289
28928 7977
28948 1440
29008 9351
29028 8493
29046 15907
29146 35241
29271 15288
29278 8708
29314 1798
29377 32361
29412 29413
29413 29412
29514 24789
29530 16835
29561 24546
29568 1614
29573 3406
29602 9222
29603 8894
29677 10653
29679 1475
29694 5253
29719 17395
29741 19071
29748 5284
29761 15783
29831 7662
29840 15350
29889 20953
29906 2575
29986 18667
30020 2930
30022 18879
30154 23896
30189 6004
30220 14955
30239 12195
30244 34274
30251 12214
30296 21022
30345 30346
30346 30345
30362 33564
30385 24988
30391 2036
30403 9801
30411 22452
30437 7980
30446 9746
30486 8040
30536 804
30566 3573
30672 23208
30695 30696
30696 30695
30719 34331
30754 6257
30757 2589
30786 20005
30794 9073
30801 5479
30826 30827
30827 30826
30848 11881
30853 34717
30897 2813
30911 33149
30926 3404
30932 7493
30941 9610
30974 22190
30983 24893
31050 7137
31084 574
31124 2315
31170 7443
31220 34291
31246 34023
31251 34152
31254 10100
31259 23031
31259 19195
31295 34037
31377 7285
31438 11211
31500 16474
31527 25076
31564 4922
31567 16139
31573 6723
31630 34344
31657 9569
31667 9533
31735 10135
31801 147
31818 13686
31919 11954
31938 35014
32032 21187
32121 15215
32141 11930
32176 26938
32201 26127
32261 11630
32330 11733
32361 29377
32364 15765
32366 26352
32445 27054
32454 16571
32493 34440
32570 16164
32731 16784
32757 23746
32770 35021
32774 16974
32779 32780
32780 32779
32803 1550
32841 27174
32869 20692
32876 9617
32893 17745
32901 34240
32911 5737
32983 16894
33013 27411
33051 28329
33054 7027
33063 23967
33084 15106
33123 34102
33135 35565
33149 30911
33183 9618
33215 27144
33243 28788
33307 27153
33337 28091
33377 11760
33385 20907
33459 16248
33479 18974
33511 26677
33512 11828
33516 33517
33517 33516
33525 34748
33527 33529
33529 33527
33564 30362
33592 14957
33603 11472
33604 23730
33654 21940
33673 4927
33707 33709
33709 33707
33718 22998
33735 21283
33747 5595
33786 3122
33830 33929
33845 18240
33900 27850
33929 33830
33940 33941
33941 33940
33945 25766
33952 23812
33989 26245
34001 35325
34023 31246
34037 31295
34102 33123
34152 31251
34160 27461
34196 34197
34197 34196
34240 32901
34274 30244
34275 23963
34291 31220
34331 30719
34344 31630
34383 3456
34404 23796
34440 32493
34588 34589
34589 34588
34684 34685
34685 34684
34703 34704
34704 34703
34717 30853
34748 33525
35001 35002
35002 35001
35014 31938
35021 32770
35061 35250
35241 29146
35250 35061
35325 34001
35427 35428
35428 35427
35487 35488
35488 35487
35496 35497
35497 35496
35565 33135
